-1.5708 0 
-1.44935 1.01002 
-1.14482 1.52704 
-0.800508 1.35964 
-0.557875 0.693225 
-0.554846 -0.667476 
-0.850159 -1.82963 
-1.34193 -2.28233 
-1.81491 -1.65223 
-2.03965 -0.222789 
-1.90948 1.30971 
-1.48561 2.21758 
-1.03691 1.52335 
-0.835472 0.167674 
-0.964843 -1.2548 
-1.37157 -2.14133 
-1.86912 -1.99786 
-2.21669 -0.908387 
-2.25784 0.562708 
-2.22633 -0.298122 
-2.38597 -1.04497 
-2.67968 -1.44523 
-2.85161 -0.0270422 
-2.7158 1.19077 
-2.32475 2.12523 
-1.79914 2.27105 
-1.36456 1.34385 
-1.23217 -0.240672 
-1.46631 -1.70919 
-1.95276 -2.33899 
-2.45913 -1.91144 
-2.78371 -0.851526 
-2.96512 -0.708008 
-3.1043 -0.496817 
-3.12582 0.309869 
-2.9623 1.10661 
-2.42444 3.48816 
-1.45098 4.64226 
-0.458711 3.68945 
0.177423 1.81404 
0.38382 0.00367182 
0.179158 -1.80616 
-0.455177 -3.68238 
-1.46798 -4.82111 
-2.49693 -3.78019 
-3.11418 -1.51697 
-3.09704 1.66598 
-2.46787 3.72781 
-1.47604 4.56068 
-0.537595 3.30873 
-0.0254958 1.09579 
-0.0380414 -1.20486 
-0.57419 -3.40174 
-1.52584 -4.57028 
-2.50808 -3.645 
-3.11464 -1.5612 
-3.09408 1.74 
-2.54271 2.9918 
-1.78546 3.35935 
-1.12098 2.17168 
-0.863618 -0.0138436 
-1.12691 -2.19357 
-1.7946 -3.36391 
-2.55083 -2.98008 
-3.09878 -1.72373 
-3.09164 1.78583 
-2.40375 4.10381 
-1.31401 4.98907 
-0.285626 3.68584 
0.333618 1.70969 
0.518845 -0.0690757 
0.300613 -1.86266 
-0.355157 -3.83863 
-1.4064 -5.0077 
-2.47815 -3.94598 
-3.12279 -1.58541 
-3.12818 1.53846 
-2.67848 2.33371 
-2.09676 2.57587 
-1.57843 1.74252 
-1.36213 0.056985 
-1.5544 -1.65667 
-2.06047 -2.55807 
-2.64522 -2.3715 
-3.10606 -1.59186 
-3.11982 1.47216 
-2.43617 4.39014 
-1.21595 5.79138 
0.0335054 4.825 
0.867453 2.56753 
1.28819 1.22991 
1.48065 0.514203 
1.54558 0.0745268 

